1
99
1 + 2 3
2 - 4 5
3 + 6 7
4 + 8 9
5 - 10 11
6 + 12 13
7 + 14 15
8 - 16 17
9 - 18 19
10 + 20 21
11 / 22 23
12 - 24 25
13 + 26 27
14 - 28 29
15 * 30 31
16 - 32 33
17 * 34 35
18 * 36 37
19 - 38 39
20 * 40 41
21 * 42 43
22 * 44 45
23 - 46 47
24 / 48 49
25 / 50 51
26 + 52 53
27 * 54 55
28 * 56 57
29 - 58 59
30 - 60 61
31 + 62 63
32 * 64 65
33 / 66 67
34 + 68 69
35 / 70 71
36 * 72 73
37 + 74 75
38 / 76 77
39 - 78 79
40 + 80 81
41 - 82 83
42 - 84 85
43 / 86 87
44 + 88 89
45 + 90 91
46 - 92 93
47 / 94 95
48 / 96 97
49 - 98 99
50 525
51 7
52 3
53 5
54 5
55 3
56 13
57 5
58 106
59 43
60 17
61 10
62 1
63 2
64 53
65 3
66 80
67 1
68 12
69 5
70 20
71 10
72 21
73 2
74 1
75 1
76 695
77 5
78 116
79 16
80 3
81 20
82 43
83 41
84 56
85 38
86 2
87 1
88 71
89 15
90 1
91 1
92 139
93 39
94 864
95 9
96 1530
97 9
98 10
99 8

